26 0.576895 0.170387 0.269316 0.340773
23 0.242826 0.504292 0.437086 0.944485
1 0.561442 0.458180 0.347314 0.916360
21 0.637969 0.474205 0.114790 0.198839
19 0.529065 0.499060 0.120677 0.222386
22 0.509198 0.454583 0.054452 0.091571
22 0.616630 0.437577 0.030905 0.068024
13 0.511405 0.493827 0.385578 0.358434
10 0.639441 0.291064 0.073584 0.162211
16 0.545990 0.292372 0.089772 0.206688
2 0.598970 0.376094 0.207505 0.415992
3 0.606328 0.716213 0.163355 0.368899
8 0.564386 0.581473 0.250184 0.125583
9 0.606328 0.701823 0.183959 0.282560
5 0.452539 0.310686 0.117734 0.196223
9 0.454746 0.298913 0.101545 0.209304
