0 0.588668 0.517374 0.104488 0.159594
23 0.473142 0.543537 0.550405 0.855531
1 0.640177 0.501676 0.363502 0.991579
2 0.658573 0.488595 0.211921 0.374131
3 0.668138 0.803818 0.201619 0.392364
4 0.543046 0.733219 0.122149 0.293026
5 0.527594 0.471589 0.153054 0.266863
8 0.683591 0.500368 0.241354 0.324421
9 0.651950 0.811708 0.186902 0.345352
9 0.536424 0.699207 0.138337 0.272095
6 0.643120 0.705748 0.101545 0.102036
6 0.530537 0.639032 0.111847 0.146513
6 0.538631 0.383943 0.072112 0.070640
7 0.612215 0.491211 0.086828 0.086338
26 0.640177 0.200801 0.363502 0.347968
10 0.711553 0.424495 0.108904 0.193606
24 0.115526 0.431036 0.173657 0.384597
