26 0.645327 0.186412 0.300221 0.313956
23 0.463576 0.509484 0.540103 0.981032
1 0.624724 0.473878 0.385578 0.947756
10 0.700515 0.386559 0.069169 0.180525
12 0.697572 0.508217 0.083885 0.151745
14 0.632818 0.492519 0.089772 0.151746
16 0.637969 0.357779 0.117734 0.154362
8 0.589404 0.611561 0.244297 0.206688
9 0.532745 0.386559 0.119205 0.217153
9 0.662252 0.788161 0.142752 0.256398
9 0.543782 0.797318 0.094187 0.154362
0 0.535688 0.772463 0.133922 0.198839
2 0.675497 0.437577 0.207506 0.303491
3 0.657837 0.752841 0.172185 0.363666
4 0.559971 0.788161 0.129507 0.245932
5 0.539367 0.400948 0.161884 0.261630
24 0.130979 0.370861 0.160412 0.410759
