26 0.688742 0.242662 0.201619 0.285177
23 0.397351 0.563118 0.451803 0.873763
1 0.690949 0.496116 0.326711 0.992233
24 0.169242 0.455891 0.136865 0.512795
22 0.675497 0.497752 0.045622 0.094187
22 0.548933 0.416646 0.030905 0.052326
0 0.577631 0.463740 0.126564 0.146513
2 0.691685 0.470280 0.172185 0.342736
3 0.711553 0.807784 0.167770 0.321805
4 0.596027 0.758074 0.101545 0.285177
13 0.601913 0.472897 0.422369 0.368899
10 0.744665 0.399640 0.077998 0.180525
16 0.677704 0.400948 0.058867 0.130815
8 0.649742 0.636416 0.247241 0.162211
9 0.705666 0.810400 0.153054 0.285177
9 0.594555 0.761998 0.089772 0.277328
18 0.554084 0.476821 0.123620 0.214537
21 0.699779 0.548770 0.155997 0.264247
