26 0.581310 0.359088 0.316409 0.491865
23 0.455482 0.547421 0.441501 0.905159
1 0.588668 0.473878 0.389993 0.947756
24 0.064386 0.645532 0.128771 0.708936
9 0.654157 0.631183 0.208977 0.345352
9 0.654157 0.891464 0.150110 0.217071
9 0.524650 0.819557 0.158940 0.282561
9 0.515085 0.577549 0.110375 0.259014
6 0.614422 0.543537 0.073584 0.107268
6 0.642384 0.827406 0.085357 0.088954
6 0.509934 0.742376 0.091244 0.086338
6 0.511405 0.512141 0.091244 0.096803
2 0.648271 0.633799 0.182487 0.313956
3 0.654157 0.887540 0.155997 0.224920
4 0.522443 0.823481 0.119205 0.227618
5 0.509198 0.556618 0.119205 0.269479
