26 0.681383 0.268825 0.242826 0.279944
23 0.386314 0.538304 0.512141 0.865996
1 0.652686 0.489576 0.314937 0.979151
24 0.178072 0.423187 0.145695 0.494481
22 0.557763 0.441501 0.045622 0.060175
22 0.677704 0.480746 0.038263 0.096803
0 0.588668 0.535688 0.066225 0.164827
13 0.596026 0.509525 0.422369 0.415992
18 0.563650 0.525223 0.178072 0.290410
21 0.696100 0.552694 0.154525 0.256398
2 0.710081 0.500368 0.188374 0.371515
3 0.698308 0.812975 0.185430 0.374050
4 0.597498 0.776388 0.069169 0.217153
8 0.646063 0.686126 0.251656 0.120350
9 0.712288 0.837871 0.142752 0.251165
9 0.606328 0.779004 0.095659 0.269479
10 0.734364 0.414030 0.095659 0.193606
16 0.669610 0.434960 0.063282 0.167443
25 0.551876 0.499060 0.154525 0.279945
