23 0.497425 0.581432 0.654893 0.837135
1 0.630611 0.505560 0.453274 0.988881
2 0.688006 0.497752 0.194260 0.350585
3 0.682119 0.796010 0.223694 0.371515
4 0.557763 0.712288 0.119205 0.319189
5 0.552612 0.432344 0.141280 0.245933
6 0.654893 0.363012 0.119205 0.075873
6 0.655629 0.713597 0.111847 0.133431
6 0.546725 0.642956 0.070640 0.096803
6 0.550405 0.402257 0.063282 0.112501
9 0.687270 0.480746 0.192789 0.368899
9 0.691685 0.779004 0.201619 0.353201
9 0.559235 0.748917 0.125092 0.319189
9 0.557027 0.462432 0.123620 0.243316
26 0.649007 0.191644 0.295806 0.277328
24 0.142016 0.397024 0.170714 0.358433
