26 0.594555 0.132777 0.278146 0.253781
23 0.252024 0.700515 0.504047 0.588668
1 0.582046 0.479110 0.311994 0.958221
24 0.103385 0.236121 0.206770 0.460469
0 0.426784 0.814324 0.110375 0.272095
2 0.623988 0.373477 0.201619 0.337503
3 0.596027 0.705748 0.157469 0.327038
5 0.488595 0.315919 0.119205 0.300875
8 0.565121 0.619410 0.248712 0.175292
9 0.483444 0.310686 0.155997 0.217153
9 0.610743 0.713597 0.175129 0.332270
10 0.651214 0.327692 0.111847 0.214537
5 0.576159 0.313302 0.097130 0.180525
13 0.534216 0.508217 0.378219 0.303491
19 0.590140 0.519990 0.128035 0.149129
