26 0.610743 0.136702 0.222222 0.219769
23 0.256807 0.523915 0.456218 0.926171
1 0.561442 0.445099 0.311994 0.890197
24 0.124356 0.226964 0.229581 0.327038
19 0.471670 0.390483 0.144224 0.193606
21 0.613687 0.402257 0.172185 0.259014
22 0.451067 0.339465 0.044150 0.096803
22 0.576159 0.355163 0.041207 0.091571
2 0.610007 0.336849 0.161884 0.368899
8 0.548933 0.522607 0.225166 0.164827
10 0.640912 0.253127 0.088300 0.175292
16 0.569536 0.263593 0.119205 0.149129
13 0.489330 0.381326 0.450331 0.316573
2 0.623988 0.353855 0.251656 0.397678
3 0.599706 0.640340 0.147167 0.321805
4 0.499632 0.593247 0.111847 0.253781
9 0.600442 0.665195 0.151582 0.334887
9 0.504047 0.625950 0.094187 0.277328
