26 0.574687 0.280271 0.326711 0.560543
23 0.417954 0.516025 0.478293 0.967950
1 0.586461 0.492192 0.379691 0.984384
24 0.047461 0.588014 0.094923 0.808438
5 0.493745 0.513449 0.153054 0.308724
2 0.634290 0.563159 0.195732 0.361050
3 0.643856 0.835255 0.161884 0.272096
4 0.493010 0.773772 0.148639 0.279945
6 0.611479 0.776388 0.105960 0.122966
6 0.484915 0.712288 0.076527 0.104652
6 0.484915 0.440193 0.052980 0.104652
9 0.632818 0.556618 0.236939 0.368899
9 0.636497 0.833906 0.164827 0.332189
9 0.501840 0.768539 0.122148 0.227618
9 0.495953 0.526531 0.113319 0.240700
