26 0.637969 0.391791 0.359087 0.421225
23 0.404709 0.607595 0.342899 0.784809
1 0.645327 0.490884 0.373804 0.981768
24 0.074687 0.657346 0.149375 0.680239
2 0.661516 0.676968 0.170714 0.363666
3 0.662987 0.892772 0.155997 0.214455
4 0.527594 0.852261 0.135394 0.253781
5 0.525386 0.548769 0.098602 0.269479
6 0.638705 0.590630 0.077999 0.117734
6 0.649743 0.869267 0.097130 0.115117
6 0.521707 0.782929 0.094187 0.109885
6 0.523179 0.547461 0.058867 0.088954
9 0.663723 0.649497 0.172186 0.261630
9 0.662252 0.899313 0.145696 0.201374
9 0.523915 0.867918 0.130979 0.264165
9 0.527594 0.610253 0.147167 0.308724
