23 0.384106 0.585357 0.457690 0.829286
0 0.548197 0.436269 0.094187 0.206688
1 0.587197 0.502943 0.331126 0.994113
2 0.635762 0.502984 0.175129 0.350584
3 0.632082 0.782929 0.200147 0.397678
4 0.487123 0.724062 0.175129 0.374131
5 0.500368 0.440193 0.154525 0.251165
9 0.640912 0.496444 0.185430 0.332270
9 0.631347 0.799894 0.192789 0.400212
9 0.495217 0.716213 0.120677 0.279944
9 0.494481 0.437577 0.098602 0.219769
6 0.473878 0.611561 0.066225 0.091571
6 0.590876 0.686125 0.091244 0.099420
6 0.612215 0.363012 0.075055 0.107268
6 0.482708 0.331616 0.101545 0.112501
26 0.598234 0.181179 0.338484 0.313956
