26 0.562914 0.121985 0.385578 0.243970
23 0.378955 0.509525 0.447388 0.960183
1 0.567329 0.464721 0.518028 0.929442
9 0.625460 0.342082 0.213392 0.421225
9 0.635762 0.716213 0.186902 0.426457
9 0.466520 0.608945 0.125092 0.347968
9 0.479029 0.325076 0.150110 0.319189
6 0.593819 0.597171 0.103017 0.151745
6 0.462840 0.518682 0.082413 0.088954
6 0.593819 0.266209 0.091244 0.107268
2 0.629875 0.361704 0.236939 0.355817
3 0.611479 0.718829 0.176600 0.400294
4 0.468727 0.614177 0.147167 0.327038
5 0.462105 0.296296 0.192789 0.413376
