5 0.535688 0.428420 0.116262 0.243316
0 0.540839 0.552694 0.082413 0.198839
23 0.344371 0.574892 0.281089 0.850217
1 0.616630 0.484670 0.304636 0.957567
2 0.673289 0.461123 0.173657 0.298258
3 0.651950 0.730603 0.157469 0.361050
4 0.534952 0.679585 0.135394 0.290410
9 0.539367 0.438885 0.117734 0.253781
9 0.672553 0.462432 0.172185 0.285177
9 0.535688 0.676968 0.128035 0.269479
9 0.655629 0.748917 0.167770 0.324421
6 0.532009 0.360396 0.070640 0.091571
6 0.652686 0.372169 0.108904 0.115117
6 0.640177 0.639032 0.113319 0.120350
6 0.533480 0.590630 0.103017 0.091571
26 0.642384 0.206034 0.344371 0.347968
