23 0.384106 0.576241 0.334069 0.805821
0 0.536424 0.547462 0.064754 0.188374
1 0.647535 0.483362 0.304636 0.939253
3 0.666667 0.754149 0.166299 0.334887
2 0.676232 0.454583 0.167771 0.337503
4 0.541575 0.712289 0.119205 0.256398
5 0.543046 0.445426 0.139809 0.214537
6 0.660044 0.364320 0.126564 0.151746
6 0.659308 0.675660 0.113319 0.088954
6 0.542311 0.366937 0.079470 0.083722
6 0.551141 0.608945 0.064754 0.112501
9 0.544518 0.448042 0.136865 0.240700
9 0.684327 0.448042 0.175129 0.381980
9 0.541575 0.703132 0.116262 0.279944
9 0.665931 0.764615 0.167771 0.329654
26 0.643856 0.200801 0.338484 0.358433
