26 0.648271 0.130161 0.214864 0.232851
23 0.352465 0.523915 0.388521 0.915706
1 0.622516 0.454256 0.281089 0.908511
24 0.149375 0.211267 0.082414 0.332271
22 0.497425 0.331616 0.051508 0.096803
22 0.618102 0.343390 0.042679 0.073256
0 0.462105 0.338157 0.060339 0.141280
2 0.657101 0.357779 0.179544 0.363666
3 0.663723 0.663887 0.163355 0.311340
4 0.544518 0.631183 0.095659 0.277328
8 0.617366 0.534380 0.285504 0.193606
9 0.642384 0.683509 0.161884 0.376748
9 0.548933 0.652114 0.119205 0.350585
19 0.509934 0.391791 0.164827 0.306108
21 0.651214 0.415338 0.173657 0.285177
13 0.552612 0.393100 0.426784 0.408143
10 0.697572 0.283215 0.060339 0.141280
16 0.634290 0.260976 0.069169 0.107268
