26 0.601177 0.156324 0.273731 0.259014
23 0.323032 0.513449 0.462104 0.847682
1 0.593083 0.484343 0.331126 0.968686
24 0.029065 0.606287 0.058131 0.787425
25 0.480500 0.377402 0.164827 0.481400
10 0.634290 0.294988 0.086828 0.180525
16 0.568801 0.280598 0.064753 0.183141
13 0.498896 0.408797 0.331126 0.329654
22 0.469463 0.360396 0.033848 0.081105
22 0.587196 0.387867 0.039735 0.083722
2 0.604121 0.349930 0.211920 0.332270
3 0.615158 0.656038 0.166299 0.400294
4 0.495953 0.610253 0.133922 0.277328
8 0.581310 0.572316 0.201619 0.102036
9 0.614422 0.724062 0.164827 0.306107
9 0.507726 0.603712 0.110375 0.264247
19 0.493745 0.410105 0.158940 0.285177
21 0.613687 0.457199 0.133922 0.253781
