0 0.440029 0.539613 0.128035 0.177909
1 0.573216 0.505601 0.353201 0.983730
2 0.623988 0.489903 0.216336 0.361050
3 0.626932 0.794702 0.198675 0.358433
4 0.485651 0.722754 0.119205 0.308724
5 0.479765 0.432344 0.154525 0.308724
9 0.487859 0.446734 0.111847 0.279944
9 0.622517 0.482054 0.183959 0.303491
9 0.618102 0.815632 0.181015 0.327038
9 0.484180 0.734527 0.119205 0.290409
6 0.598234 0.383943 0.061810 0.143897
6 0.469463 0.365628 0.057395 0.107269
6 0.472406 0.614177 0.080942 0.138664
6 0.590876 0.700515 0.105960 0.122966
23 0.323767 0.564426 0.345842 0.871147
26 0.578367 0.187720 0.342899 0.316573
