6 0.628403 0.338157 0.122149 0.104652
6 0.511405 0.336849 0.073584 0.091571
6 0.618101 0.646881 0.110375 0.130815
6 0.506255 0.573624 0.089772 0.094187
1 0.611479 0.502943 0.320824 0.994113
2 0.656365 0.436269 0.201619 0.321805
3 0.657101 0.758074 0.197204 0.389829
4 0.515085 0.679585 0.107432 0.342736
5 0.514349 0.402257 0.123620 0.279944
9 0.521707 0.407489 0.117734 0.253781
9 0.665931 0.444117 0.188374 0.321805
9 0.509934 0.704440 0.111847 0.293026
9 0.658572 0.775080 0.176600 0.371515
23 0.476085 0.598479 0.476821 0.797972
26 0.616630 0.153708 0.337012 0.259014
