26 0.629139 0.174638 0.253127 0.243316
23 0.331126 0.514758 0.534216 0.923555
1 0.617366 0.464721 0.359088 0.929442
24 0.068801 0.474205 0.137601 0.554656
8 0.590876 0.580165 0.203091 0.128199
9 0.665931 0.720137 0.135394 0.261630
9 0.532745 0.692666 0.133922 0.232851
0 0.516556 0.459815 0.083885 0.102036
13 0.527594 0.425803 0.382634 0.311340
10 0.678440 0.310686 0.116262 0.180525
16 0.619573 0.309378 0.075055 0.162211
18 0.515085 0.467664 0.136865 0.248549
21 0.640177 0.458507 0.142752 0.245932
22 0.496689 0.389175 0.055924 0.102036
22 0.623252 0.411414 0.044150 0.073256
2 0.651214 0.374785 0.153054 0.381980
3 0.659308 0.731911 0.201619 0.368899
4 0.540839 0.665195 0.111847 0.277328
25 0.512141 0.519990 0.169242 0.300875
