26 0.550405 0.140299 0.331126 0.280598
23 0.328918 0.547461 0.450331 0.894776
1 0.500368 0.454256 0.448859 0.908511
25 0.389257 0.407489 0.182487 0.572970
2 0.589404 0.313302 0.241354 0.431690
3 0.587196 0.669119 0.195732 0.279945
4 0.416483 0.597171 0.136865 0.282560
5 0.423841 0.323767 0.166299 0.306107
8 0.557763 0.536996 0.266372 0.162211
9 0.583517 0.710980 0.164827 0.164827
9 0.417219 0.305453 0.135394 0.259014
9 0.423105 0.594555 0.114790 0.256398
10 0.629875 0.263593 0.098602 0.175293
12 0.625460 0.404873 0.092715 0.159594
14 0.551876 0.399640 0.089772 0.175292
16 0.556291 0.240046 0.110375 0.196223
