26 0.604857 0.225329 0.337012 0.450658
23 0.385578 0.555269 0.348786 0.889461
1 0.639441 0.489576 0.406181 0.979151
24 0.054084 0.564426 0.108168 0.871147
2 0.654158 0.546153 0.191317 0.332271
3 0.640912 0.841795 0.220751 0.300875
4 0.526858 0.739760 0.133922 0.274712
5 0.509198 0.487286 0.160412 0.334887
6 0.631347 0.463740 0.066225 0.120350
6 0.635762 0.743684 0.095659 0.162211
6 0.510670 0.661271 0.098602 0.107268
6 0.517292 0.432344 0.076527 0.115118
9 0.650478 0.523915 0.213392 0.334887
9 0.646799 0.849644 0.194260 0.279945
9 0.520971 0.733219 0.142752 0.298259
9 0.509198 0.493827 0.125092 0.264247
