26 0.610743 0.222713 0.348786 0.445426
23 0.342899 0.602363 0.466520 0.795274
1 0.621781 0.481727 0.397351 0.963454
24 0.051876 0.602363 0.103753 0.795274
2 0.670346 0.531763 0.214864 0.355817
3 0.665931 0.815591 0.179544 0.368817
4 0.526858 0.758074 0.148639 0.342736
5 0.513613 0.475513 0.148639 0.285177
6 0.635762 0.455891 0.101545 0.120350
6 0.637233 0.767231 0.092715 0.193606
6 0.520971 0.678277 0.107432 0.094187
6 0.512141 0.444117 0.080942 0.107268
9 0.651214 0.505600 0.167771 0.355817
9 0.681383 0.857493 0.163355 0.259014
9 0.551141 0.730603 0.182487 0.345352
9 0.502575 0.482054 0.141280 0.408143
