6 0.670346 0.386559 0.126564 0.149129
6 0.670346 0.717521 0.094187 0.125582
6 0.548933 0.636416 0.072112 0.078489
6 0.547461 0.380018 0.072112 0.115117
0 0.544518 0.708364 0.075055 0.070640
1 0.662252 0.505601 0.366446 0.983730
2 0.699043 0.440193 0.216335 0.371515
3 0.681383 0.785545 0.201619 0.392445
4 0.552612 0.701823 0.114790 0.308724
5 0.557027 0.446734 0.147167 0.290409
9 0.701987 0.483362 0.186902 0.327038
9 0.688006 0.793394 0.179544 0.376748
9 0.563650 0.755457 0.133922 0.232851
9 0.561442 0.467664 0.138337 0.248549
23 0.415011 0.603712 0.384106 0.782275
26 0.651214 0.200801 0.332597 0.374131
24 0.111111 0.363012 0.123620 0.253782
