26 0.578366 0.101055 0.337012 0.202109
23 0.354673 0.553961 0.601913 0.892077
1 0.477557 0.463413 0.488594 0.926825
25 0.431199 0.318535 0.216335 0.557273
2 0.588668 0.342082 0.275202 0.410760
3 0.570272 0.700515 0.214864 0.389829
5 0.408388 0.284523 0.191317 0.358434
4 0.425313 0.653422 0.178072 0.306107
10 0.623988 0.264901 0.092715 0.214537
12 0.600441 0.410106 0.125092 0.170060
14 0.535688 0.406181 0.066225 0.162211
16 0.540839 0.240046 0.105960 0.154362
8 0.542311 0.574933 0.250184 0.211920
9 0.587197 0.746300 0.178072 0.266863
9 0.407653 0.322459 0.139809 0.272095
9 0.409860 0.642957 0.132450 0.190990
