26 0.590140 0.150764 0.278146 0.301529
23 0.311994 0.526531 0.384106 0.926171
1 0.564386 0.459488 0.323767 0.918976
13 0.549669 0.502984 0.317881 0.340119
10 0.651214 0.309378 0.091243 0.235467
16 0.568065 0.318535 0.122148 0.185757
2 0.610743 0.393100 0.189846 0.334887
3 0.615894 0.696591 0.191317 0.293026
8 0.582046 0.623334 0.179544 0.120350
9 0.618102 0.738452 0.166299 0.225002
19 0.615894 0.514758 0.085357 0.154362
21 0.672553 0.454583 0.036792 0.096803
22 0.608536 0.479437 0.038264 0.088954
