26 0.593083 0.238738 0.366446 0.460469
23 0.403238 0.539572 0.413539 0.920857
1 0.601913 0.485651 0.413539 0.971302
24 0.051141 0.599747 0.102281 0.800507
6 0.604121 0.455891 0.064753 0.125583
6 0.502575 0.432344 0.073584 0.156978
6 0.503311 0.674352 0.075055 0.117734
6 0.618837 0.739760 0.082414 0.128199
9 0.649007 0.513449 0.151582 0.303491
9 0.637969 0.814324 0.179544 0.308724
9 0.515085 0.733219 0.133922 0.319189
9 0.502575 0.475513 0.132450 0.279944
2 0.642384 0.492519 0.197204 0.355817
3 0.632818 0.788161 0.233996 0.308724
4 0.509198 0.718829 0.160412 0.290410
5 0.490802 0.487286 0.185431 0.298259
