26 0.593083 0.238411 0.316409 0.476821
23 0.373068 0.559194 0.359087 0.881612
1 0.628403 0.485651 0.413539 0.971302
24 0.057763 0.589281 0.115526 0.821437
2 0.637969 0.538304 0.182487 0.321805
3 0.636497 0.813016 0.141280 0.316573
4 0.516556 0.733219 0.163355 0.287793
5 0.511405 0.522607 0.132450 0.358434
6 0.615894 0.462431 0.085357 0.096803
6 0.624724 0.734527 0.103017 0.112501
6 0.495217 0.656038 0.100074 0.164827
6 0.508462 0.429728 0.061810 0.125583
9 0.627667 0.568392 0.176600 0.355817
9 0.648271 0.835214 0.182487 0.329572
9 0.526858 0.773772 0.133922 0.300875
9 0.509198 0.496443 0.101545 0.269479
