26 0.582046 0.137683 0.217807 0.275366
23 0.244297 0.543496 0.422369 0.913008
1 0.561442 0.441174 0.376748 0.882348
24 0.010670 0.874499 0.021339 0.162211
21 0.626932 0.442809 0.122149 0.193606
19 0.501840 0.423187 0.119205 0.259014
13 0.507726 0.462432 0.401766 0.311340
10 0.633554 0.280599 0.094187 0.172676
16 0.568065 0.270133 0.075055 0.156978
2 0.600441 0.343390 0.222222 0.298258
3 0.623252 0.654730 0.161884 0.319189
4 0.484915 0.597171 0.117734 0.256398
8 0.568801 0.574933 0.194260 0.180525
9 0.620309 0.705748 0.126564 0.253781
9 0.476085 0.632491 0.097130 0.201456
22 0.479765 0.394408 0.063282 0.102036
22 0.601913 0.393099 0.033848 0.062791
