23 0.415747 0.602363 0.450331 0.795274
1 0.605592 0.489903 0.329654 0.978497
2 0.649007 0.445426 0.183959 0.319189
3 0.646063 0.739760 0.192789 0.374131
4 0.522443 0.659962 0.148639 0.313956
5 0.526122 0.423187 0.182487 0.347968
9 0.526858 0.414030 0.157469 0.324422
9 0.525386 0.666503 0.110375 0.316573
9 0.652686 0.419263 0.191317 0.313957
9 0.646063 0.759382 0.195732 0.345352
6 0.506991 0.334233 0.073584 0.091571
6 0.637969 0.365628 0.094187 0.102036
6 0.630611 0.654730 0.111847 0.088954
26 0.607800 0.183795 0.319352 0.319189
