26 0.575423 0.110212 0.254599 0.220423
23 0.398823 0.522566 0.551876 0.954869
1 0.506990 0.443790 0.403238 0.887581
8 0.582781 0.311994 0.222222 0.355817
9 0.576159 0.627259 0.176600 0.358433
9 0.430464 0.557927 0.114790 0.308724
9 0.420162 0.293680 0.108904 0.245933
2 0.587932 0.342082 0.238411 0.368899
3 0.573951 0.627259 0.151582 0.395062
4 0.421633 0.564467 0.150110 0.347968
5 0.423841 0.280598 0.154525 0.282561
6 0.413539 0.226964 0.113319 0.096803
6 0.557763 0.550078 0.098602 0.125583
7 0.599706 0.237430 0.100074 0.175293
