26 0.582046 0.112828 0.320824 0.225656
23 0.364238 0.544804 0.526858 0.910392
1 0.526858 0.462104 0.387049 0.924209
10 0.636497 0.274058 0.117734 0.206688
12 0.611479 0.429728 0.126564 0.219769
14 0.543782 0.404873 0.085357 0.201455
16 0.553348 0.267517 0.092715 0.183141
2 0.590876 0.340773 0.238411 0.481400
3 0.594555 0.714905 0.142752 0.261630
5 0.426784 0.323768 0.160412 0.316573
4 0.441501 0.608944 0.125092 0.274712
8 0.555556 0.580165 0.256071 0.201455
9 0.597498 0.716213 0.151582 0.206688
9 0.420898 0.310686 0.142752 0.264247
9 0.439294 0.648189 0.117734 0.243316
