26 0.603385 0.155016 0.225166 0.287793
23 0.317881 0.580124 0.572480 0.839751
1 0.575423 0.473878 0.272259 0.947756
24 0.089036 0.291064 0.141280 0.444771
13 0.510670 0.475513 0.419426 0.269479
11 0.638705 0.292372 0.083885 0.185757
17 0.586461 0.296296 0.076527 0.151746
8 0.562178 0.543537 0.192789 0.122966
9 0.494481 0.314610 0.116262 0.146513
9 0.595291 0.697899 0.176600 0.374131
2 0.612215 0.381326 0.160412 0.442155
3 0.609271 0.679585 0.166299 0.368899
19 0.523179 0.454583 0.126564 0.185758
21 0.635762 0.461123 0.101545 0.172676
0 0.498896 0.527839 0.075055 0.175292
22 0.512877 0.433652 0.050037 0.070640
22 0.613687 0.425803 0.057395 0.054942
