26 0.568065 0.120677 0.236939 0.241354
23 0.230316 0.513409 0.438558 0.973183
1 0.516556 0.441174 0.363503 0.882348
22 0.508462 0.454583 0.044150 0.060175
22 0.610007 0.415338 0.020604 0.054943
13 0.481972 0.480746 0.438558 0.306107
10 0.632082 0.296296 0.082413 0.188374
16 0.557027 0.279290 0.094187 0.159594
2 0.597498 0.342082 0.195732 0.379364
3 0.602649 0.680893 0.138337 0.266863
4 0.463576 0.639032 0.122149 0.188374
8 0.562178 0.563159 0.236939 0.177909
9 0.605592 0.683509 0.150110 0.251165
9 0.476085 0.653422 0.132450 0.170060
19 0.526122 0.492519 0.132450 0.183141
21 0.626932 0.421879 0.089772 0.204072
