26 0.627667 0.183795 0.259014 0.319189
23 0.349522 0.531723 0.503311 0.936555
1 0.621781 0.479110 0.303164 0.958221
24 0.078366 0.441501 0.156733 0.452620
22 0.501840 0.390483 0.030905 0.073256
22 0.629139 0.428420 0.064754 0.122966
13 0.552612 0.458507 0.473878 0.371515
10 0.697572 0.361704 0.075055 0.209304
16 0.624724 0.336849 0.082413 0.164827
18 0.516556 0.485978 0.145695 0.300875
21 0.654893 0.497752 0.166299 0.225002
0 0.542311 0.496443 0.117734 0.112501
2 0.679176 0.436268 0.273731 0.426457
3 0.673289 0.784237 0.173657 0.353201
4 0.559235 0.714905 0.122149 0.235467
8 0.615894 0.610253 0.232524 0.130815
9 0.676232 0.781620 0.167771 0.321805
9 0.554820 0.691358 0.113319 0.261630
25 0.523179 0.461123 0.164827 0.225002
